order_id,q_standard,q_small,q_box,demand,creation_time,committed_completion_time,load_time,unload_time,pickup_id,delivery_id
937131345.0,1.0,0.0,0.0,1.0,02:13:19,06:13:19,60.0,60.0,e318c5d80f6e46d98e904579e76bafe7,00e5630fbb3c4ff4b753ac1e1c15d561
937351346.0,1.0,0.0,0.0,1.0,04:04:11,08:04:11,60.0,60.0,e318c5d80f6e46d98e904579e76bafe7,00e5630fbb3c4ff4b753ac1e1c15d561
958121427.0,1.0,0.0,0.0,1.0,06:03:00,10:03:00,60.0,60.0,e318c5d80f6e46d98e904579e76bafe7,00e5630fbb3c4ff4b753ac1e1c15d561
1513522384.0,1.0,0.0,0.0,1.0,06:20:17,10:20:17,60.0,60.0,ef7a2e12c20043a9aba7fecf660b2616,5e2e9efa5ade4984bb18af66028bc0c8
1342162000.0,1.0,0.0,0.0,1.0,06:22:43,10:22:43,60.0,60.0,4e6e1dec486340a0b4fbc7e1eeed99ab,8479328003a8427ca68b7600f0ac7045
557490865.0,1.0,0.0,0.0,1.0,06:31:11,10:31:11,60.0,60.0,00e5630fbb3c4ff4b753ac1e1c15d561,d9f1aced3d1b4379b43a7aed2488134d
1522352415.0,1.0,0.0,0.0,1.0,06:32:11,10:32:11,60.0,60.0,e318c5d80f6e46d98e904579e76bafe7,e5dc8bf4da6a4112b4dfca025d6a8948
958121428.0,1.0,0.0,0.0,1.0,06:38:09,10:38:09,60.0,60.0,00e5630fbb3c4ff4b753ac1e1c15d561,e318c5d80f6e46d98e904579e76bafe7
1342322001.0,1.0,0.0,0.0,1.0,06:42:32,10:42:32,60.0,60.0,c93a83d3e80d4aeeb037ff5255f4fd02,8479328003a8427ca68b7600f0ac7045
518300708.0,1.0,0.0,0.0,1.0,06:44:26,10:44:26,60.0,60.0,80cc1546ba7645e3964fd017e4af3299,ffd0ed8719f54294a452ed3e3b6a986c
1012081479.0,1.0,0.0,0.0,1.0,06:45:49,10:45:49,60.0,60.0,aa61dc034d9240e9950b027ba204f5f0,0ca31f8c354b4ab78899ad6dfbd632fa
1419032119.0,1.0,0.0,0.0,1.0,06:46:50,10:46:50,60.0,60.0,ffd0ed8719f54294a452ed3e3b6a986c,d9f1aced3d1b4379b43a7aed2488134d
1419242120.0,1.0,0.0,0.0,1.0,06:46:50,10:46:50,60.0,60.0,f5264a9b32c94706a8bc981ab961952a,d9f1aced3d1b4379b43a7aed2488134d
1419362121.0,1.0,0.0,0.0,1.0,06:46:50,10:46:50,60.0,60.0,f5264a9b32c94706a8bc981ab961952a,d9f1aced3d1b4379b43a7aed2488134d
748151116.0,1.0,0.0,0.0,1.0,06:47:36,10:47:36,60.0,60.0,9b40bfd6ca1c432498685540652a5a8b,8479328003a8427ca68b7600f0ac7045
1145131813.0,1.0,0.0,0.0,1.0,06:48:16,10:48:16,60.0,60.0,00e5630fbb3c4ff4b753ac1e1c15d561,8479328003a8427ca68b7600f0ac7045
1524122433.0,1.0,0.0,0.0,1.0,06:48:24,10:48:24,60.0,60.0,f7ee272fbbba4f918bcd4f36ea053908,d9f1aced3d1b4379b43a7aed2488134d
1411042076.0,1.0,0.0,0.0,1.0,06:48:44,10:48:44,60.0,60.0,e318c5d80f6e46d98e904579e76bafe7,852c1621c9c44d029b33d71c1274caeb
452240664.0,1.0,0.0,0.0,1.0,06:49:35,10:49:35,60.0,60.0,9b40bfd6ca1c432498685540652a5a8b,00e5630fbb3c4ff4b753ac1e1c15d561
929571313.0,1.0,0.0,0.0,1.0,06:50:00,10:50:00,60.0,60.0,852c1621c9c44d029b33d71c1274caeb,d9f1aced3d1b4379b43a7aed2488134d
930011314.0,1.0,0.0,0.0,1.0,06:50:00,10:50:00,60.0,60.0,852c1621c9c44d029b33d71c1274caeb,d9f1aced3d1b4379b43a7aed2488134d
1028431542.0,1.0,0.0,0.0,1.0,06:50:06,10:50:06,60.0,60.0,00e5630fbb3c4ff4b753ac1e1c15d561,9829a9e1f6874f28b33b57a7a42bb49f
1030101543.0,1.0,0.0,0.0,1.0,06:50:06,10:50:06,60.0,60.0,00e5630fbb3c4ff4b753ac1e1c15d561,9829a9e1f6874f28b33b57a7a42bb49f
947291381.0,1.0,0.0,0.0,1.0,06:50:08,10:50:08,60.0,60.0,00e5630fbb3c4ff4b753ac1e1c15d561,9b40bfd6ca1c432498685540652a5a8b
1128191725.0,1.0,0.0,0.0,1.0,06:50:15,10:50:15,60.0,60.0,e318c5d80f6e46d98e904579e76bafe7,d9f1aced3d1b4379b43a7aed2488134d
959131429.0,1.0,0.0,0.0,1.0,06:50:31,10:50:31,60.0,60.0,e318c5d80f6e46d98e904579e76bafe7,00e5630fbb3c4ff4b753ac1e1c15d561
531030754.0,1.0,0.0,0.0,1.0,06:50:33,10:50:33,60.0,60.0,9b40bfd6ca1c432498685540652a5a8b,00e5630fbb3c4ff4b753ac1e1c15d561
1100041603.0,1.0,0.0,0.0,1.0,06:52:48,10:52:48,60.0,60.0,00e5630fbb3c4ff4b753ac1e1c15d561,9b40bfd6ca1c432498685540652a5a8b
537470792.0,1.0,0.0,0.0,1.0,06:53:56,10:53:56,60.0,60.0,852c1621c9c44d029b33d71c1274caeb,9829a9e1f6874f28b33b57a7a42bb49f
611380926.0,1.0,0.0,0.0,1.0,06:54:06,10:54:06,60.0,60.0,00e5630fbb3c4ff4b753ac1e1c15d561,9b40bfd6ca1c432498685540652a5a8b
1616402616.0,1.0,0.0,0.0,1.0,06:54:46,10:54:46,60.0,60.0,e318c5d80f6e46d98e904579e76bafe7,8479328003a8427ca68b7600f0ac7045
1514012385.0,1.0,0.0,0.0,1.0,06:57:57,10:57:57,60.0,60.0,5e2e9efa5ade4984bb18af66028bc0c8,5c8900293133480d893ceee1ac8fd352
1438292202.0,1.0,0.0,0.0,1.0,06:58:37,10:58:37,60.0,60.0,7b84670cf4164cccba22ebb17a2c290a,ffd0ed8719f54294a452ed3e3b6a986c
908511267.0,1.0,0.0,0.0,1.0,07:00:00,11:00:00,60.0,60.0,852c1621c9c44d029b33d71c1274caeb,9829a9e1f6874f28b33b57a7a42bb49f
1551262491.0,1.0,0.0,0.0,1.0,07:00:30,11:00:30,60.0,60.0,00e5630fbb3c4ff4b753ac1e1c15d561,aa61dc034d9240e9950b027ba204f5f0
637001031.0,1.0,0.0,0.0,1.0,07:00:35,11:00:35,60.0,60.0,e318c5d80f6e46d98e904579e76bafe7,d9f1aced3d1b4379b43a7aed2488134d
1307331942.0,1.0,0.0,0.0,1.0,07:00:46,11:00:46,60.0,60.0,00e5630fbb3c4ff4b753ac1e1c15d561,e318c5d80f6e46d98e904579e76bafe7
518340709.0,1.0,0.0,0.0,1.0,07:02:11,11:02:11,60.0,60.0,ffd0ed8719f54294a452ed3e3b6a986c,80cc1546ba7645e3964fd017e4af3299
1522352416.0,1.0,0.0,0.0,1.0,07:02:25,11:02:25,60.0,60.0,e5dc8bf4da6a4112b4dfca025d6a8948,e318c5d80f6e46d98e904579e76bafe7
1111441659.0,1.0,0.0,0.0,1.0,07:05:19,11:05:19,60.0,60.0,0ca31f8c354b4ab78899ad6dfbd632fa,2445d4bd004c457d95957d6ecf77f759
1111501660.0,1.0,0.0,0.0,1.0,07:05:30,11:05:30,60.0,60.0,0ca31f8c354b4ab78899ad6dfbd632fa,e318c5d80f6e46d98e904579e76bafe7
1514222386.0,1.0,0.0,0.0,1.0,07:09:02,11:09:02,60.0,60.0,5c8900293133480d893ceee1ac8fd352,ef7a2e12c20043a9aba7fecf660b2616
611540927.0,1.0,0.0,0.0,1.0,07:12:01,11:12:01,60.0,60.0,9b40bfd6ca1c432498685540652a5a8b,00e5630fbb3c4ff4b753ac1e1c15d561
558170866.0,1.0,0.0,0.0,1.0,07:12:18,11:12:18,60.0,60.0,d9f1aced3d1b4379b43a7aed2488134d,8854c92271174c4bbd3ee95fbdd973c7
1411062077.0,1.0,0.0,0.0,1.0,07:13:31,11:13:31,60.0,60.0,852c1621c9c44d029b33d71c1274caeb,e318c5d80f6e46d98e904579e76bafe7
813201185.0,1.0,0.0,0.0,1.0,07:13:37,11:13:37,60.0,60.0,0ca31f8c354b4ab78899ad6dfbd632fa,9829a9e1f6874f28b33b57a7a42bb49f
453440665.0,1.0,0.0,0.0,1.0,07:15:37,11:15:37,60.0,60.0,00e5630fbb3c4ff4b753ac1e1c15d561,9b40bfd6ca1c432498685540652a5a8b
1342342002.0,1.0,0.0,0.0,1.0,07:16:30,11:16:30,60.0,60.0,852c1621c9c44d029b33d71c1274caeb,8479328003a8427ca68b7600f0ac7045
1616402617.0,1.0,0.0,0.0,1.0,07:16:58,11:16:58,60.0,60.0,e318c5d80f6e46d98e904579e76bafe7,8479328003a8427ca68b7600f0ac7045
1145341814.0,1.0,0.0,0.0,1.0,07:17:23,11:17:23,60.0,60.0,852c1621c9c44d029b33d71c1274caeb,00e5630fbb3c4ff4b753ac1e1c15d561
538010793.0,1.0,0.0,0.0,1.0,07:18:42,11:18:42,60.0,60.0,9829a9e1f6874f28b33b57a7a42bb49f,852c1621c9c44d029b33d71c1274caeb
518340710.0,1.0,0.0,0.0,1.0,07:18:52,11:18:52,60.0,60.0,80cc1546ba7645e3964fd017e4af3299,5e2e9efa5ade4984bb18af66028bc0c8
947451382.0,1.0,0.0,0.0,1.0,07:21:00,11:21:00,60.0,60.0,0ca31f8c354b4ab78899ad6dfbd632fa,f7d977891ba84a7491024709803f38cc
1210491873.0,1.0,0.0,0.0,1.0,07:21:20,11:21:20,60.0,60.0,aa61dc034d9240e9950b027ba204f5f0,fa91b55160e245edb77a213135cccd27
531500755.0,1.0,0.0,0.0,1.0,07:21:46,11:21:46,60.0,60.0,00e5630fbb3c4ff4b753ac1e1c15d561,9b40bfd6ca1c432498685540652a5a8b
531520756.0,1.0,0.0,0.0,1.0,07:21:46,11:21:46,60.0,60.0,00e5630fbb3c4ff4b753ac1e1c15d561,9b40bfd6ca1c432498685540652a5a8b
748471117.0,1.0,0.0,0.0,1.0,07:22:14,11:22:14,60.0,60.0,00e5630fbb3c4ff4b753ac1e1c15d561,66b7f2fbd6a042c1bbd1b567d68daa56
1145461815.0,1.0,0.0,0.0,1.0,07:25:17,11:25:17,60.0,60.0,00e5630fbb3c4ff4b753ac1e1c15d561,5c8900293133480d893ceee1ac8fd352
1307331943.0,1.0,0.0,0.0,1.0,07:25:21,11:25:21,60.0,60.0,f5118fa189b742a897beec2f77de9b27,d9f1aced3d1b4379b43a7aed2488134d
1438292203.0,1.0,0.0,0.0,1.0,07:25:27,11:25:27,60.0,60.0,7b84670cf4164cccba22ebb17a2c290a,8854c92271174c4bbd3ee95fbdd973c7
908511268.0,1.0,0.0,0.0,1.0,07:27:46,11:27:46,60.0,60.0,9829a9e1f6874f28b33b57a7a42bb49f,852c1621c9c44d029b33d71c1274caeb
1012151480.0,1.0,0.0,0.0,1.0,07:28:31,11:28:31,60.0,60.0,d3118417a6aa44c488d1758be16ad2dd,3556641d92e044d3a0111c4df4d1fd17
518580711.0,1.0,0.0,0.0,1.0,07:29:38,11:29:38,60.0,60.0,3dae461cb13a4ca7bc113b9b1842283a,5c8900293133480d893ceee1ac8fd352
1012171481.0,1.0,0.0,0.0,1.0,07:30:43,11:30:43,60.0,60.0,d3118417a6aa44c488d1758be16ad2dd,6fbe6d91a5f04b359e02bde29d349128
1551302492.0,1.0,0.0,0.0,1.0,07:31:15,11:31:15,60.0,60.0,aa61dc034d9240e9950b027ba204f5f0,7d511f7ba322430687691bf9cfcc96b4
612040928.0,1.0,0.0,0.0,1.0,07:31:30,11:31:30,60.0,60.0,00e5630fbb3c4ff4b753ac1e1c15d561,9b40bfd6ca1c432498685540652a5a8b
1342512003.0,1.0,0.0,0.0,1.0,07:32:18,11:32:18,60.0,60.0,85a5e0d0db8746a8bb82de9c72fb4cfe,8479328003a8427ca68b7600f0ac7045
1030291544.0,1.0,0.0,0.0,1.0,07:32:23,11:32:23,60.0,60.0,9829a9e1f6874f28b33b57a7a42bb49f,e318c5d80f6e46d98e904579e76bafe7
1616402618.0,1.0,0.0,0.0,1.0,07:33:04,11:33:04,60.0,60.0,00e5630fbb3c4ff4b753ac1e1c15d561,e318c5d80f6e46d98e904579e76bafe7
1411112078.0,1.0,0.0,0.0,1.0,07:33:48,11:33:48,60.0,60.0,e318c5d80f6e46d98e904579e76bafe7,852c1621c9c44d029b33d71c1274caeb
1524162434.0,1.0,0.0,0.0,1.0,07:35:39,11:35:39,60.0,60.0,d9f1aced3d1b4379b43a7aed2488134d,c1e1e4250f63479ca9261967f84b6719
454120666.0,1.0,0.0,0.0,1.0,07:36:24,11:36:24,60.0,60.0,9b40bfd6ca1c432498685540652a5a8b,00e5630fbb3c4ff4b753ac1e1c15d561
948161383.0,1.0,0.0,0.0,1.0,07:40:10,11:40:10,60.0,60.0,0ca31f8c354b4ab78899ad6dfbd632fa,9f1a09c368584eba9e7f10a53d55caae
1419502122.0,1.0,0.0,0.0,1.0,07:40:46,11:40:46,60.0,60.0,d9f1aced3d1b4379b43a7aed2488134d,f5264a9b32c94706a8bc981ab961952a
1419562123.0,1.0,0.0,0.0,1.0,07:40:46,11:40:46,60.0,60.0,d9f1aced3d1b4379b43a7aed2488134d,f5264a9b32c94706a8bc981ab961952a
1419562124.0,1.0,0.0,0.0,1.0,07:40:46,11:40:46,60.0,60.0,d9f1aced3d1b4379b43a7aed2488134d,852c1621c9c44d029b33d71c1274caeb
1420012125.0,1.0,0.0,0.0,1.0,07:40:46,11:40:46,60.0,60.0,d9f1aced3d1b4379b43a7aed2488134d,852c1621c9c44d029b33d71c1274caeb
1100081604.0,1.0,0.0,0.0,1.0,07:40:51,11:40:51,60.0,60.0,f6faef4b36e743328800b961aced4a2c,852c1621c9c44d029b33d71c1274caeb
930181315.0,1.0,0.0,0.0,1.0,07:45:00,11:45:00,60.0,60.0,d9f1aced3d1b4379b43a7aed2488134d,c93a83d3e80d4aeeb037ff5255f4fd02
612300929.0,1.0,0.0,0.0,1.0,07:46:35,11:46:35,60.0,60.0,9b40bfd6ca1c432498685540652a5a8b,4a85fbdd319140dd83f55766289d365f
1012341482.0,1.0,0.0,0.0,1.0,07:50:05,11:50:05,60.0,60.0,3556641d92e044d3a0111c4df4d1fd17,d3118417a6aa44c488d1758be16ad2dd
612300930.0,1.0,0.0,0.0,1.0,07:50:27,11:50:27,60.0,60.0,4a85fbdd319140dd83f55766289d365f,00e5630fbb3c4ff4b753ac1e1c15d561
531550757.0,1.0,0.0,0.0,1.0,07:53:53,11:53:53,60.0,60.0,9b40bfd6ca1c432498685540652a5a8b,00e5630fbb3c4ff4b753ac1e1c15d561
1411152079.0,1.0,0.0,0.0,1.0,07:54:55,11:54:55,60.0,60.0,852c1621c9c44d029b33d71c1274caeb,e318c5d80f6e46d98e904579e76bafe7
1438412204.0,1.0,0.0,0.0,1.0,07:55:01,11:55:01,60.0,60.0,7b84670cf4164cccba22ebb17a2c290a,8854c92271174c4bbd3ee95fbdd973c7
813251186.0,1.0,0.0,0.0,1.0,07:55:43,11:55:43,60.0,60.0,9829a9e1f6874f28b33b57a7a42bb49f,0ca31f8c354b4ab78899ad6dfbd632fa
612370931.0,1.0,0.0,0.0,1.0,07:56:28,11:56:28,60.0,60.0,00e5630fbb3c4ff4b753ac1e1c15d561,5fda6fea62824ea1a9f8d94a2f2d997d
1551332493.0,1.0,0.0,0.0,1.0,07:57:48,11:57:48,60.0,60.0,7d511f7ba322430687691bf9cfcc96b4,9829a9e1f6874f28b33b57a7a42bb49f
1128231726.0,1.0,0.0,0.0,1.0,07:57:56,11:57:56,60.0,60.0,d9f1aced3d1b4379b43a7aed2488134d,5e2e9efa5ade4984bb18af66028bc0c8
454180667.0,1.0,0.0,0.0,1.0,07:58:26,11:58:26,60.0,60.0,00e5630fbb3c4ff4b753ac1e1c15d561,9b40bfd6ca1c432498685540652a5a8b
1343002004.0,1.0,0.0,0.0,1.0,07:58:54,11:58:54,60.0,60.0,85a5e0d0db8746a8bb82de9c72fb4cfe,8479328003a8427ca68b7600f0ac7045
558340867.0,1.0,0.0,0.0,1.0,08:00:53,12:00:53,60.0,60.0,8854c92271174c4bbd3ee95fbdd973c7,d9f1aced3d1b4379b43a7aed2488134d
559020868.0,1.0,0.0,0.0,1.0,08:00:53,12:00:53,60.0,60.0,8854c92271174c4bbd3ee95fbdd973c7,d9f1aced3d1b4379b43a7aed2488134d
1145481816.0,1.0,0.0,0.0,1.0,08:02:28,12:02:28,60.0,60.0,5c8900293133480d893ceee1ac8fd352,d9f1aced3d1b4379b43a7aed2488134d
1617012619.0,1.0,0.0,0.0,1.0,08:06:02,12:06:02,60.0,60.0,f5118fa189b742a897beec2f77de9b27,d9f1aced3d1b4379b43a7aed2488134d
1617112620.0,1.0,0.0,0.0,1.0,08:06:02,12:06:02,60.0,60.0,f5118fa189b742a897beec2f77de9b27,d9f1aced3d1b4379b43a7aed2488134d
959131430.0,1.0,0.0,0.0,1.0,08:06:40,12:06:40,60.0,60.0,e318c5d80f6e46d98e904579e76bafe7,00e5630fbb3c4ff4b753ac1e1c15d561
748471118.0,1.0,0.0,0.0,1.0,08:07:42,12:07:42,60.0,60.0,00e5630fbb3c4ff4b753ac1e1c15d561,66b7f2fbd6a042c1bbd1b567d68daa56
538360794.0,1.0,0.0,0.0,1.0,08:10:00,12:10:00,60.0,60.0,9829a9e1f6874f28b33b57a7a42bb49f,852c1621c9c44d029b33d71c1274caeb
1112111661.0,1.0,0.0,0.0,1.0,08:12:23,12:12:23,60.0,60.0,8479328003a8427ca68b7600f0ac7045,9829a9e1f6874f28b33b57a7a42bb49f
1012501483.0,1.0,0.0,0.0,1.0,08:13:19,12:13:19,60.0,60.0,6fbe6d91a5f04b359e02bde29d349128,d3118417a6aa44c488d1758be16ad2dd
1146001817.0,1.0,0.0,0.0,1.0,08:15:28,12:15:28,60.0,60.0,d9f1aced3d1b4379b43a7aed2488134d,e318c5d80f6e46d98e904579e76bafe7
1343312005.0,1.0,0.0,0.0,1.0,08:16:54,12:16:54,60.0,60.0,8479328003a8427ca68b7600f0ac7045,4a85fbdd319140dd83f55766289d365f
1524262435.0,1.0,0.0,0.0,1.0,08:18:01,12:18:01,60.0,60.0,c93a83d3e80d4aeeb037ff5255f4fd02,d9f1aced3d1b4379b43a7aed2488134d
1420012126.0,1.0,0.0,0.0,1.0,08:18:19,12:18:19,60.0,60.0,852c1621c9c44d029b33d71c1274caeb,d9f1aced3d1b4379b43a7aed2488134d
1420182127.0,1.0,0.0,0.0,1.0,08:18:19,12:18:19,60.0,60.0,852c1621c9c44d029b33d71c1274caeb,d9f1aced3d1b4379b43a7aed2488134d
1411202080.0,1.0,0.0,0.0,1.0,08:20:47,12:20:47,60.0,60.0,e318c5d80f6e46d98e904579e76bafe7,852c1621c9c44d029b33d71c1274caeb
1100391605.0,1.0,0.0,0.0,1.0,08:21:09,12:21:09,60.0,60.0,852c1621c9c44d029b33d71c1274caeb,5e2e9efa5ade4984bb18af66028bc0c8
908511269.0,1.0,0.0,0.0,1.0,08:21:47,12:21:47,60.0,60.0,852c1621c9c44d029b33d71c1274caeb,9829a9e1f6874f28b33b57a7a42bb49f
1308131944.0,1.0,0.0,0.0,1.0,08:23:06,12:23:06,60.0,60.0,d9f1aced3d1b4379b43a7aed2488134d,e318c5d80f6e46d98e904579e76bafe7
519090712.0,1.0,0.0,0.0,1.0,08:25:28,12:25:28,60.0,60.0,5e2e9efa5ade4984bb18af66028bc0c8,80cc1546ba7645e3964fd017e4af3299
531590758.0,1.0,0.0,0.0,1.0,08:26:53,12:26:53,60.0,60.0,00e5630fbb3c4ff4b753ac1e1c15d561,9b40bfd6ca1c432498685540652a5a8b
454230668.0,1.0,0.0,0.0,1.0,08:27:25,12:27:25,60.0,60.0,2445d4bd004c457d95957d6ecf77f759,9b40bfd6ca1c432498685540652a5a8b
948341384.0,1.0,0.0,0.0,1.0,08:28:08,12:28:08,60.0,60.0,0ca31f8c354b4ab78899ad6dfbd632fa,8479328003a8427ca68b7600f0ac7045
959131431.0,1.0,0.0,0.0,1.0,08:30:20,12:30:20,60.0,60.0,00e5630fbb3c4ff4b753ac1e1c15d561,e318c5d80f6e46d98e904579e76bafe7
612490932.0,1.0,0.0,0.0,1.0,08:33:19,12:33:19,60.0,60.0,5e2e9efa5ade4984bb18af66028bc0c8,66b7f2fbd6a042c1bbd1b567d68daa56
612550933.0,1.0,0.0,0.0,1.0,08:33:27,12:33:27,60.0,60.0,5fda6fea62824ea1a9f8d94a2f2d997d,9b40bfd6ca1c432498685540652a5a8b
813251187.0,1.0,0.0,0.0,1.0,08:34:36,12:34:36,60.0,60.0,0ca31f8c354b4ab78899ad6dfbd632fa,9829a9e1f6874f28b33b57a7a42bb49f
1344062006.0,1.0,0.0,0.0,1.0,08:34:59,12:34:59,60.0,60.0,e318c5d80f6e46d98e904579e76bafe7,d9f1aced3d1b4379b43a7aed2488134d
1030291545.0,1.0,0.0,0.0,1.0,08:35:21,12:35:21,60.0,60.0,9829a9e1f6874f28b33b57a7a42bb49f,00e5630fbb3c4ff4b753ac1e1c15d561
1551542494.0,1.0,0.0,0.0,1.0,08:35:41,12:35:41,60.0,60.0,9829a9e1f6874f28b33b57a7a42bb49f,0ca31f8c354b4ab78899ad6dfbd632fa
1112191662.0,1.0,0.0,0.0,1.0,08:36:04,12:36:04,60.0,60.0,9829a9e1f6874f28b33b57a7a42bb49f,852c1621c9c44d029b33d71c1274caeb
539190795.0,1.0,0.0,0.0,1.0,08:37:35,12:37:35,60.0,60.0,852c1621c9c44d029b33d71c1274caeb,9829a9e1f6874f28b33b57a7a42bb49f
1411242081.0,1.0,0.0,0.0,1.0,08:38:03,12:38:03,60.0,60.0,852c1621c9c44d029b33d71c1274caeb,e318c5d80f6e46d98e904579e76bafe7
1128491727.0,1.0,0.0,0.0,1.0,08:38:44,12:38:44,60.0,60.0,5e2e9efa5ade4984bb18af66028bc0c8,d9f1aced3d1b4379b43a7aed2488134d
1633322685.0,1.0,0.0,0.0,1.0,08:39:26,12:39:26,60.0,60.0,f5118fa189b742a897beec2f77de9b27,852c1621c9c44d029b33d71c1274caeb
1438582205.0,1.0,0.0,0.0,1.0,08:40:33,12:40:33,60.0,60.0,7b84670cf4164cccba22ebb17a2c290a,8854c92271174c4bbd3ee95fbdd973c7
1112231663.0,1.0,0.0,0.0,1.0,08:45:47,12:45:47,60.0,60.0,9829a9e1f6874f28b33b57a7a42bb49f,f5118fa189b742a897beec2f77de9b27
948481385.0,1.0,0.0,0.0,1.0,08:48:21,12:48:21,60.0,60.0,0ca31f8c354b4ab78899ad6dfbd632fa,e318c5d80f6e46d98e904579e76bafe7
749061119.0,1.0,0.0,0.0,1.0,08:50:45,12:50:45,60.0,60.0,00e5630fbb3c4ff4b753ac1e1c15d561,ef7a2e12c20043a9aba7fecf660b2616
913031270.0,1.0,0.0,0.0,1.0,08:51:44,12:51:44,60.0,60.0,9829a9e1f6874f28b33b57a7a42bb49f,852c1621c9c44d029b33d71c1274caeb
1633342686.0,1.0,0.0,0.0,1.0,08:52:52,12:52:52,60.0,60.0,4a85fbdd319140dd83f55766289d365f,00e5630fbb3c4ff4b753ac1e1c15d561
1146561818.0,1.0,0.0,0.0,1.0,08:53:19,12:53:19,60.0,60.0,e318c5d80f6e46d98e904579e76bafe7,852c1621c9c44d029b33d71c1274caeb
1617112621.0,1.0,0.0,0.0,1.0,08:55:15,12:55:15,60.0,60.0,d9f1aced3d1b4379b43a7aed2488134d,e318c5d80f6e46d98e904579e76bafe7
1617112622.0,1.0,0.0,0.0,1.0,08:55:45,12:55:45,60.0,60.0,d9f1aced3d1b4379b43a7aed2488134d,f5118fa189b742a897beec2f77de9b27
637001032.0,1.0,0.0,0.0,1.0,08:56:18,12:56:18,60.0,60.0,d9f1aced3d1b4379b43a7aed2488134d,e318c5d80f6e46d98e904579e76bafe7
1420272128.0,1.0,0.0,0.0,1.0,08:56:22,12:56:22,60.0,60.0,ffd0ed8719f54294a452ed3e3b6a986c,d9f1aced3d1b4379b43a7aed2488134d
1420272129.0,1.0,0.0,0.0,1.0,08:56:22,12:56:22,60.0,60.0,ffd0ed8719f54294a452ed3e3b6a986c,d9f1aced3d1b4379b43a7aed2488134d
559140869.0,1.0,0.0,0.0,1.0,08:56:26,12:56:26,60.0,60.0,d9f1aced3d1b4379b43a7aed2488134d,7b84670cf4164cccba22ebb17a2c290a
454230669.0,1.0,0.0,0.0,1.0,08:59:10,12:59:10,60.0,60.0,9b40bfd6ca1c432498685540652a5a8b,00e5630fbb3c4ff4b753ac1e1c15d561
559320870.0,1.0,0.0,0.0,1.0,09:00:52,13:00:52,60.0,60.0,d9f1aced3d1b4379b43a7aed2488134d,f5118fa189b742a897beec2f77de9b27
1524282436.0,1.0,0.0,0.0,1.0,09:01:10,13:01:10,60.0,60.0,d9f1aced3d1b4379b43a7aed2488134d,852c1621c9c44d029b33d71c1274caeb
813431188.0,1.0,0.0,0.0,1.0,09:03:42,13:03:42,60.0,60.0,9829a9e1f6874f28b33b57a7a42bb49f,0ca31f8c354b4ab78899ad6dfbd632fa
813501189.0,1.0,0.0,0.0,1.0,09:03:42,13:03:42,60.0,60.0,9829a9e1f6874f28b33b57a7a42bb49f,0ca31f8c354b4ab78899ad6dfbd632fa
1411252082.0,1.0,0.0,0.0,1.0,09:04:35,13:04:35,60.0,60.0,f5264a9b32c94706a8bc981ab961952a,8479328003a8427ca68b7600f0ac7045
959131432.0,1.0,0.0,0.0,1.0,09:05:03,13:05:03,60.0,60.0,e318c5d80f6e46d98e904579e76bafe7,00e5630fbb3c4ff4b753ac1e1c15d561
1147441819.0,1.0,0.0,0.0,1.0,09:05:31,13:05:31,60.0,60.0,852c1621c9c44d029b33d71c1274caeb,00e5630fbb3c4ff4b753ac1e1c15d561
749131120.0,1.0,0.0,0.0,1.0,09:06:37,13:06:37,60.0,60.0,ef7a2e12c20043a9aba7fecf660b2616,00e5630fbb3c4ff4b753ac1e1c15d561
949051386.0,1.0,0.0,0.0,1.0,09:09:26,13:09:26,60.0,60.0,e318c5d80f6e46d98e904579e76bafe7,f5118fa189b742a897beec2f77de9b27
532020759.0,1.0,0.0,0.0,1.0,09:15:00,13:15:00,60.0,60.0,9b40bfd6ca1c432498685540652a5a8b,00e5630fbb3c4ff4b753ac1e1c15d561
1552062495.0,1.0,0.0,0.0,1.0,09:15:16,13:15:16,60.0,60.0,0ca31f8c354b4ab78899ad6dfbd632fa,081dc54492414061ae6c6e47bf7b8db5
1552122496.0,1.0,0.0,0.0,1.0,09:15:16,13:15:16,60.0,60.0,0ca31f8c354b4ab78899ad6dfbd632fa,081dc54492414061ae6c6e47bf7b8db5
613570934.0,1.0,0.0,0.0,1.0,09:15:46,13:15:46,60.0,60.0,9b40bfd6ca1c432498685540652a5a8b,4a85fbdd319140dd83f55766289d365f
1447392255.0,1.0,0.0,0.0,1.0,09:16:17,13:16:17,60.0,60.0,4a85fbdd319140dd83f55766289d365f,5e2e9efa5ade4984bb18af66028bc0c8
1148021820.0,1.0,0.0,0.0,1.0,09:17:36,13:17:36,60.0,60.0,00e5630fbb3c4ff4b753ac1e1c15d561,8479328003a8427ca68b7600f0ac7045
1100421606.0,1.0,0.0,0.0,1.0,09:20:40,13:20:40,60.0,60.0,d9f1aced3d1b4379b43a7aed2488134d,5c8900293133480d893ceee1ac8fd352
613570935.0,1.0,0.0,0.0,1.0,09:21:23,13:21:23,60.0,60.0,4a85fbdd319140dd83f55766289d365f,00e5630fbb3c4ff4b753ac1e1c15d561
949051387.0,1.0,0.0,0.0,1.0,09:23:21,13:23:21,60.0,60.0,2445d4bd004c457d95957d6ecf77f759,00e5630fbb3c4ff4b753ac1e1c15d561
1128491728.0,1.0,0.0,0.0,1.0,09:26:27,13:26:27,60.0,60.0,d9f1aced3d1b4379b43a7aed2488134d,5e2e9efa5ade4984bb18af66028bc0c8
1633372687.0,1.0,0.0,0.0,1.0,09:30:45,13:30:45,60.0,60.0,ffd0ed8719f54294a452ed3e3b6a986c,ef7a2e12c20043a9aba7fecf660b2616
1438582206.0,1.0,0.0,0.0,1.0,09:33:32,13:33:32,60.0,60.0,ffd0ed8719f54294a452ed3e3b6a986c,7b84670cf4164cccba22ebb17a2c290a
1439092207.0,1.0,0.0,0.0,1.0,09:33:40,13:33:40,60.0,60.0,f5264a9b32c94706a8bc981ab961952a,e2327ef4f46a40908e2b8ad97e855333
1344462007.0,1.0,0.0,0.0,1.0,09:35:42,13:35:42,60.0,60.0,d9f1aced3d1b4379b43a7aed2488134d,66b7f2fbd6a042c1bbd1b567d68daa56
1345052008.0,1.0,0.0,0.0,1.0,09:36:08,13:36:08,60.0,60.0,d9f1aced3d1b4379b43a7aed2488134d,f5118fa189b742a897beec2f77de9b27
1148051821.0,1.0,0.0,0.0,1.0,09:37:26,13:37:26,60.0,60.0,8479328003a8427ca68b7600f0ac7045,00e5630fbb3c4ff4b753ac1e1c15d561
1012591484.0,1.0,0.0,0.0,1.0,09:40:57,13:40:57,60.0,60.0,0ca31f8c354b4ab78899ad6dfbd632fa,7d511f7ba322430687691bf9cfcc96b4
1210491874.0,1.0,0.0,0.0,1.0,09:46:29,13:46:29,60.0,60.0,0ca31f8c354b4ab78899ad6dfbd632fa,fa91b55160e245edb77a213135cccd27
1552292497.0,1.0,0.0,0.0,1.0,09:55:33,13:55:33,60.0,60.0,081dc54492414061ae6c6e47bf7b8db5,9829a9e1f6874f28b33b57a7a42bb49f
1552362498.0,1.0,0.0,0.0,1.0,09:55:53,13:55:53,60.0,60.0,081dc54492414061ae6c6e47bf7b8db5,aa61dc034d9240e9950b027ba204f5f0
1552362499.0,1.0,0.0,0.0,1.0,09:55:53,13:55:53,60.0,60.0,081dc54492414061ae6c6e47bf7b8db5,aa61dc034d9240e9950b027ba204f5f0
1553112500.0,1.0,0.0,0.0,1.0,09:55:53,13:55:53,60.0,60.0,081dc54492414061ae6c6e47bf7b8db5,aa61dc034d9240e9950b027ba204f5f0
1128501729.0,1.0,0.0,0.0,1.0,10:20:23,14:20:23,60.0,60.0,5e2e9efa5ade4984bb18af66028bc0c8,d9f1aced3d1b4379b43a7aed2488134d
1553352501.0,1.0,0.0,0.0,1.0,10:28:05,14:28:05,60.0,60.0,aa61dc034d9240e9950b027ba204f5f0,7d511f7ba322430687691bf9cfcc96b4
1553402502.0,1.0,0.0,0.0,1.0,10:28:05,14:28:05,60.0,60.0,aa61dc034d9240e9950b027ba204f5f0,7d511f7ba322430687691bf9cfcc96b4
1553472503.0,1.0,0.0,0.0,1.0,10:28:05,14:28:05,60.0,60.0,aa61dc034d9240e9950b027ba204f5f0,7d511f7ba322430687691bf9cfcc96b4
1309021945.0,1.0,0.0,0.0,1.0,10:58:17,14:58:17,60.0,60.0,e318c5d80f6e46d98e904579e76bafe7,d9f1aced3d1b4379b43a7aed2488134d
959131433.0,1.0,0.0,0.0,1.0,11:13:54,15:13:54,60.0,60.0,e318c5d80f6e46d98e904579e76bafe7,00e5630fbb3c4ff4b753ac1e1c15d561
1553472504.0,1.0,0.0,0.0,1.0,11:18:29,15:18:29,60.0,60.0,7d511f7ba322430687691bf9cfcc96b4,9829a9e1f6874f28b33b57a7a42bb49f
1553472505.0,1.0,0.0,0.0,1.0,11:18:29,15:18:29,60.0,60.0,7d511f7ba322430687691bf9cfcc96b4,9829a9e1f6874f28b33b57a7a42bb49f
1553472506.0,1.0,0.0,0.0,1.0,11:18:29,15:18:29,60.0,60.0,7d511f7ba322430687691bf9cfcc96b4,9829a9e1f6874f28b33b57a7a42bb49f
930181316.0,1.0,0.0,0.0,1.0,11:30:00,15:30:00,60.0,60.0,852c1621c9c44d029b33d71c1274caeb,d9f1aced3d1b4379b43a7aed2488134d
931051317.0,1.0,0.0,0.0,1.0,11:30:00,15:30:00,60.0,60.0,852c1621c9c44d029b33d71c1274caeb,d9f1aced3d1b4379b43a7aed2488134d
931051318.0,1.0,0.0,0.0,1.0,11:30:00,15:30:00,60.0,60.0,852c1621c9c44d029b33d71c1274caeb,d9f1aced3d1b4379b43a7aed2488134d
1030291546.0,1.0,0.0,0.0,1.0,11:30:50,15:30:50,60.0,60.0,e318c5d80f6e46d98e904579e76bafe7,9829a9e1f6874f28b33b57a7a42bb49f
1514252387.0,1.0,0.0,0.0,1.0,11:31:16,15:31:16,60.0,60.0,ef7a2e12c20043a9aba7fecf660b2616,5e2e9efa5ade4984bb18af66028bc0c8
1420272130.0,1.0,0.0,0.0,1.0,11:32:15,15:32:15,60.0,60.0,d9f1aced3d1b4379b43a7aed2488134d,f5264a9b32c94706a8bc981ab961952a
1420272131.0,1.0,0.0,0.0,1.0,11:32:15,15:32:15,60.0,60.0,d9f1aced3d1b4379b43a7aed2488134d,c93a83d3e80d4aeeb037ff5255f4fd02
1100511607.0,1.0,0.0,0.0,1.0,11:35:28,15:35:28,60.0,60.0,5c8900293133480d893ceee1ac8fd352,5e2e9efa5ade4984bb18af66028bc0c8
1013061485.0,1.0,0.0,0.0,1.0,11:36:37,15:36:37,60.0,60.0,7d511f7ba322430687691bf9cfcc96b4,0ca31f8c354b4ab78899ad6dfbd632fa
1345092009.0,1.0,0.0,0.0,1.0,11:36:56,15:36:56,60.0,60.0,e318c5d80f6e46d98e904579e76bafe7,8479328003a8427ca68b7600f0ac7045
539510796.0,1.0,0.0,0.0,1.0,11:44:52,15:44:52,60.0,60.0,9829a9e1f6874f28b33b57a7a42bb49f,00e5630fbb3c4ff4b753ac1e1c15d561
1112401664.0,1.0,0.0,0.0,1.0,11:45:21,15:45:21,60.0,60.0,9829a9e1f6874f28b33b57a7a42bb49f,852c1621c9c44d029b33d71c1274caeb
1440222209.0,1.0,0.0,0.0,1.0,11:47:44,15:47:44,60.0,60.0,7b84670cf4164cccba22ebb17a2c290a,ffd0ed8719f54294a452ed3e3b6a986c
614040936.0,1.0,0.0,0.0,1.0,11:50:40,15:50:40,60.0,60.0,00e5630fbb3c4ff4b753ac1e1c15d561,9b40bfd6ca1c432498685540652a5a8b
949101388.0,1.0,0.0,0.0,1.0,11:50:45,15:50:45,60.0,60.0,00e5630fbb3c4ff4b753ac1e1c15d561,5c8900293133480d893ceee1ac8fd352
1617112623.0,1.0,0.0,0.0,1.0,11:51:56,15:51:56,60.0,60.0,a6d6e6a52a0044e99991fc8fb0248027,8479328003a8427ca68b7600f0ac7045
813531190.0,1.0,0.0,0.0,1.0,11:53:48,15:53:48,60.0,60.0,0ca31f8c354b4ab78899ad6dfbd632fa,9829a9e1f6874f28b33b57a7a42bb49f
1309071946.0,1.0,0.0,0.0,1.0,11:56:02,15:56:02,60.0,60.0,d9f1aced3d1b4379b43a7aed2488134d,5c8900293133480d893ceee1ac8fd352
949121389.0,1.0,0.0,0.0,1.0,11:56:23,15:56:23,60.0,60.0,852c1621c9c44d029b33d71c1274caeb,5e2e9efa5ade4984bb18af66028bc0c8
637511033.0,1.0,0.0,0.0,1.0,11:56:36,15:56:36,60.0,60.0,e318c5d80f6e46d98e904579e76bafe7,d9f1aced3d1b4379b43a7aed2488134d
749531121.0,1.0,0.0,0.0,1.0,11:57:33,15:57:33,60.0,60.0,00e5630fbb3c4ff4b753ac1e1c15d561,0ca31f8c354b4ab78899ad6dfbd632fa
559530871.0,1.0,0.0,0.0,1.0,12:00:32,16:00:32,60.0,60.0,7b84670cf4164cccba22ebb17a2c290a,d9f1aced3d1b4379b43a7aed2488134d
1148471822.0,1.0,0.0,0.0,1.0,12:00:35,16:00:35,60.0,60.0,e318c5d80f6e46d98e904579e76bafe7,4e6e1dec486340a0b4fbc7e1eeed99ab
913211271.0,1.0,0.0,0.0,1.0,12:01:10,16:01:10,60.0,60.0,852c1621c9c44d029b33d71c1274caeb,9829a9e1f6874f28b33b57a7a42bb49f
1345092010.0,1.0,0.0,0.0,1.0,12:02:22,16:02:22,60.0,60.0,212c60c932ca4e4c8cf922cb2ec2fadd,8479328003a8427ca68b7600f0ac7045
1447432256.0,1.0,0.0,0.0,1.0,12:02:41,16:02:41,60.0,60.0,5e2e9efa5ade4984bb18af66028bc0c8,e318c5d80f6e46d98e904579e76bafe7
1617252624.0,1.0,0.0,0.0,1.0,12:04:17,16:04:17,60.0,60.0,a6d6e6a52a0044e99991fc8fb0248027,8479328003a8427ca68b7600f0ac7045
1112401665.0,1.0,0.0,0.0,1.0,12:05:03,16:05:03,60.0,60.0,852c1621c9c44d029b33d71c1274caeb,9829a9e1f6874f28b33b57a7a42bb49f
1030291547.0,1.0,0.0,0.0,1.0,12:05:52,16:05:52,60.0,60.0,00e5630fbb3c4ff4b753ac1e1c15d561,9829a9e1f6874f28b33b57a7a42bb49f
1553472507.0,1.0,0.0,0.0,1.0,12:06:36,16:06:36,60.0,60.0,852c1621c9c44d029b33d71c1274caeb,d1f8de642d734931be957336196d996d
1553472508.0,1.0,0.0,0.0,1.0,12:06:36,16:06:36,60.0,60.0,852c1621c9c44d029b33d71c1274caeb,d1f8de642d734931be957336196d996d
532020760.0,1.0,0.0,0.0,1.0,12:07:47,16:07:47,60.0,60.0,9b40bfd6ca1c432498685540652a5a8b,00e5630fbb3c4ff4b753ac1e1c15d561
751301122.0,1.0,0.0,0.0,1.0,12:08:24,16:08:24,60.0,60.0,0ca31f8c354b4ab78899ad6dfbd632fa,5920212e6b0b46b198b9677bfe74f35d
454300670.0,1.0,0.0,0.0,1.0,12:10:12,16:10:12,60.0,60.0,9b40bfd6ca1c432498685540652a5a8b,00e5630fbb3c4ff4b753ac1e1c15d561
1411322083.0,1.0,0.0,0.0,1.0,12:13:08,16:13:08,60.0,60.0,e318c5d80f6e46d98e904579e76bafe7,852c1621c9c44d029b33d71c1274caeb
1101281608.0,1.0,0.0,0.0,1.0,12:13:30,16:13:30,60.0,60.0,d9f1aced3d1b4379b43a7aed2488134d,5c8900293133480d893ceee1ac8fd352
520180713.0,1.0,0.0,0.0,1.0,12:14:12,16:14:12,60.0,60.0,9f1a09c368584eba9e7f10a53d55caae,e318c5d80f6e46d98e904579e76bafe7
614200937.0,1.0,0.0,0.0,1.0,12:14:48,16:14:48,60.0,60.0,9b40bfd6ca1c432498685540652a5a8b,4a85fbdd319140dd83f55766289d365f
1148491823.0,1.0,0.0,0.0,1.0,12:15:28,16:15:28,60.0,60.0,4e6e1dec486340a0b4fbc7e1eeed99ab,7d511f7ba322430687691bf9cfcc96b4
959221434.0,1.0,0.0,0.0,1.0,12:15:56,16:15:56,60.0,60.0,e318c5d80f6e46d98e904579e76bafe7,00e5630fbb3c4ff4b753ac1e1c15d561
1514292388.0,1.0,0.0,0.0,1.0,12:17:11,16:17:11,60.0,60.0,5c8900293133480d893ceee1ac8fd352,ef7a2e12c20043a9aba7fecf660b2616
1617292625.0,1.0,0.0,0.0,1.0,12:17:59,16:17:59,60.0,60.0,4a85fbdd319140dd83f55766289d365f,8479328003a8427ca68b7600f0ac7045
949191390.0,1.0,0.0,0.0,1.0,12:18:40,16:18:40,60.0,60.0,852c1621c9c44d029b33d71c1274caeb,d9f1aced3d1b4379b43a7aed2488134d
614480938.0,1.0,0.0,0.0,1.0,12:20:12,16:20:12,60.0,60.0,4a85fbdd319140dd83f55766289d365f,00e5630fbb3c4ff4b753ac1e1c15d561
540060797.0,1.0,0.0,0.0,1.0,12:22:11,16:22:11,60.0,60.0,8479328003a8427ca68b7600f0ac7045,9829a9e1f6874f28b33b57a7a42bb49f
813531191.0,1.0,0.0,0.0,1.0,12:23:41,16:23:41,60.0,60.0,9829a9e1f6874f28b33b57a7a42bb49f,0ca31f8c354b4ab78899ad6dfbd632fa
814021192.0,1.0,0.0,0.0,1.0,12:23:41,16:23:41,60.0,60.0,9829a9e1f6874f28b33b57a7a42bb49f,0ca31f8c354b4ab78899ad6dfbd632fa
1014001486.0,1.0,0.0,0.0,1.0,12:23:57,16:23:57,60.0,60.0,0ca31f8c354b4ab78899ad6dfbd632fa,aa61dc034d9240e9950b027ba204f5f0
959221435.0,1.0,0.0,0.0,1.0,12:25:57,16:25:57,60.0,60.0,00e5630fbb3c4ff4b753ac1e1c15d561,e318c5d80f6e46d98e904579e76bafe7
1014051487.0,1.0,0.0,0.0,1.0,12:26:11,16:26:11,60.0,60.0,0ca31f8c354b4ab78899ad6dfbd632fa,7d511f7ba322430687691bf9cfcc96b4
614480939.0,1.0,0.0,0.0,1.0,12:28:08,16:28:08,60.0,60.0,00e5630fbb3c4ff4b753ac1e1c15d561,5fda6fea62824ea1a9f8d94a2f2d997d
1617322626.0,1.0,0.0,0.0,1.0,12:29:03,16:29:03,60.0,60.0,4a85fbdd319140dd83f55766289d365f,8479328003a8427ca68b7600f0ac7045
1309471947.0,1.0,0.0,0.0,1.0,12:30:13,16:30:13,60.0,60.0,5e2e9efa5ade4984bb18af66028bc0c8,e318c5d80f6e46d98e904579e76bafe7
1030291548.0,1.0,0.0,0.0,1.0,12:30:38,16:30:38,60.0,60.0,9829a9e1f6874f28b33b57a7a42bb49f,e318c5d80f6e46d98e904579e76bafe7
1420532132.0,1.0,0.0,0.0,1.0,12:31:52,16:31:52,60.0,60.0,ffd0ed8719f54294a452ed3e3b6a986c,d9f1aced3d1b4379b43a7aed2488134d
1421282133.0,1.0,0.0,0.0,1.0,12:31:52,16:31:52,60.0,60.0,ffd0ed8719f54294a452ed3e3b6a986c,d9f1aced3d1b4379b43a7aed2488134d
1345162011.0,1.0,0.0,0.0,1.0,12:34:07,16:34:07,60.0,60.0,8479328003a8427ca68b7600f0ac7045,e318c5d80f6e46d98e904579e76bafe7
1128541730.0,1.0,0.0,0.0,1.0,12:35:11,16:35:11,60.0,60.0,d9f1aced3d1b4379b43a7aed2488134d,5e2e9efa5ade4984bb18af66028bc0c8
1617372627.0,1.0,0.0,0.0,1.0,12:35:28,16:35:28,60.0,60.0,8479328003a8427ca68b7600f0ac7045,00e5630fbb3c4ff4b753ac1e1c15d561
1345402012.0,1.0,0.0,0.0,1.0,12:36:31,16:36:31,60.0,60.0,8479328003a8427ca68b7600f0ac7045,852c1621c9c44d029b33d71c1274caeb
1440252210.0,1.0,0.0,0.0,1.0,12:38:17,16:38:17,60.0,60.0,7b84670cf4164cccba22ebb17a2c290a,8854c92271174c4bbd3ee95fbdd973c7
454350671.0,1.0,0.0,0.0,1.0,12:40:26,16:40:26,60.0,60.0,9b40bfd6ca1c432498685540652a5a8b,00e5630fbb3c4ff4b753ac1e1c15d561
1113121666.0,1.0,0.0,0.0,1.0,12:42:19,16:42:19,60.0,60.0,9829a9e1f6874f28b33b57a7a42bb49f,852c1621c9c44d029b33d71c1274caeb
1553472509.0,1.0,0.0,0.0,1.0,12:44:05,16:44:05,60.0,60.0,d1f8de642d734931be957336196d996d,d9f1aced3d1b4379b43a7aed2488134d
1553472510.0,1.0,0.0,0.0,1.0,12:44:05,16:44:05,60.0,60.0,d1f8de642d734931be957336196d996d,d9f1aced3d1b4379b43a7aed2488134d
532090761.0,1.0,0.0,0.0,1.0,12:46:28,16:46:28,60.0,60.0,00e5630fbb3c4ff4b753ac1e1c15d561,9b40bfd6ca1c432498685540652a5a8b
915051272.0,1.0,0.0,0.0,1.0,12:48:00,16:48:00,60.0,60.0,9829a9e1f6874f28b33b57a7a42bb49f,852c1621c9c44d029b33d71c1274caeb
915051273.0,1.0,0.0,0.0,1.0,12:48:00,16:48:00,60.0,60.0,9829a9e1f6874f28b33b57a7a42bb49f,852c1621c9c44d029b33d71c1274caeb
1440342211.0,1.0,0.0,0.0,1.0,12:48:28,16:48:28,60.0,60.0,ffd0ed8719f54294a452ed3e3b6a986c,7b84670cf4164cccba22ebb17a2c290a
1411392084.0,1.0,0.0,0.0,1.0,12:49:59,16:49:59,60.0,60.0,e318c5d80f6e46d98e904579e76bafe7,852c1621c9c44d029b33d71c1274caeb
1345452013.0,1.0,0.0,0.0,1.0,12:53:44,16:53:44,60.0,60.0,8479328003a8427ca68b7600f0ac7045,4a85fbdd319140dd83f55766289d365f
931051319.0,1.0,0.0,0.0,1.0,12:55:00,16:55:00,60.0,60.0,d9f1aced3d1b4379b43a7aed2488134d,c93a83d3e80d4aeeb037ff5255f4fd02
540100798.0,1.0,0.0,0.0,1.0,12:55:47,16:55:47,60.0,60.0,9829a9e1f6874f28b33b57a7a42bb49f,852c1621c9c44d029b33d71c1274caeb
1618302628.0,1.0,0.0,0.0,1.0,12:58:29,16:58:29,60.0,60.0,f5118fa189b742a897beec2f77de9b27,9829a9e1f6874f28b33b57a7a42bb49f
1618312629.0,1.0,0.0,0.0,1.0,12:58:29,16:58:29,60.0,60.0,f5118fa189b742a897beec2f77de9b27,9829a9e1f6874f28b33b57a7a42bb49f
520200714.0,1.0,0.0,0.0,1.0,13:00:06,17:00:06,60.0,60.0,0ca31f8c354b4ab78899ad6dfbd632fa,4a85fbdd319140dd83f55766289d365f
600030872.0,1.0,0.0,0.0,1.0,13:00:25,17:00:25,60.0,60.0,d9f1aced3d1b4379b43a7aed2488134d,5e2e9efa5ade4984bb18af66028bc0c8
1553542511.0,1.0,0.0,0.0,1.0,13:00:43,17:00:43,60.0,60.0,d9f1aced3d1b4379b43a7aed2488134d,c93a83d3e80d4aeeb037ff5255f4fd02
1553582512.0,1.0,0.0,0.0,1.0,13:00:43,17:00:43,60.0,60.0,d9f1aced3d1b4379b43a7aed2488134d,c93a83d3e80d4aeeb037ff5255f4fd02
1553582513.0,1.0,0.0,0.0,1.0,13:00:43,17:00:43,60.0,60.0,d9f1aced3d1b4379b43a7aed2488134d,c93a83d3e80d4aeeb037ff5255f4fd02
520290715.0,1.0,0.0,0.0,1.0,13:00:51,17:00:51,60.0,60.0,0ca31f8c354b4ab78899ad6dfbd632fa,3dae461cb13a4ca7bc113b9b1842283a
1311111948.0,1.0,0.0,0.0,1.0,13:03:21,17:03:21,60.0,60.0,e318c5d80f6e46d98e904579e76bafe7,852c1621c9c44d029b33d71c1274caeb
814441193.0,1.0,0.0,0.0,1.0,13:04:36,17:04:36,60.0,60.0,0ca31f8c354b4ab78899ad6dfbd632fa,9829a9e1f6874f28b33b57a7a42bb49f
959221436.0,1.0,0.0,0.0,1.0,13:08:26,17:08:26,60.0,60.0,e318c5d80f6e46d98e904579e76bafe7,00e5630fbb3c4ff4b753ac1e1c15d561
1113251667.0,1.0,0.0,0.0,1.0,13:10:26,17:10:26,60.0,60.0,852c1621c9c44d029b33d71c1274caeb,9829a9e1f6874f28b33b57a7a42bb49f
1101331609.0,1.0,0.0,0.0,1.0,13:13:28,17:13:28,60.0,60.0,5c8900293133480d893ceee1ac8fd352,5e2e9efa5ade4984bb18af66028bc0c8
1030291549.0,1.0,0.0,0.0,1.0,13:15:25,17:15:25,60.0,60.0,852c1621c9c44d029b33d71c1274caeb,00e5630fbb3c4ff4b753ac1e1c15d561
1421282134.0,1.0,0.0,0.0,1.0,13:18:05,17:18:05,60.0,60.0,d9f1aced3d1b4379b43a7aed2488134d,f5264a9b32c94706a8bc981ab961952a
1421352135.0,1.0,0.0,0.0,1.0,13:18:05,17:18:05,60.0,60.0,d9f1aced3d1b4379b43a7aed2488134d,f5264a9b32c94706a8bc981ab961952a
1421372136.0,1.0,0.0,0.0,1.0,13:18:05,17:18:05,60.0,60.0,d9f1aced3d1b4379b43a7aed2488134d,f5264a9b32c94706a8bc981ab961952a
752491123.0,1.0,0.0,0.0,1.0,13:19:01,17:19:01,60.0,60.0,00e5630fbb3c4ff4b753ac1e1c15d561,a1706ab3350d477cb63e047c4f4ad819
949311391.0,1.0,0.0,0.0,1.0,13:20:31,17:20:31,60.0,60.0,d9f1aced3d1b4379b43a7aed2488134d,9829a9e1f6874f28b33b57a7a42bb49f
949331392.0,1.0,0.0,0.0,1.0,13:21:11,17:21:11,60.0,60.0,d9f1aced3d1b4379b43a7aed2488134d,e318c5d80f6e46d98e904579e76bafe7
1345472014.0,1.0,0.0,0.0,1.0,13:21:32,17:21:32,60.0,60.0,4a85fbdd319140dd83f55766289d365f,8479328003a8427ca68b7600f0ac7045
455150672.0,1.0,0.0,0.0,1.0,13:24:27,17:24:27,60.0,60.0,2445d4bd004c457d95957d6ecf77f759,9b40bfd6ca1c432498685540652a5a8b
815271194.0,1.0,0.0,0.0,1.0,13:25:26,17:25:26,60.0,60.0,9829a9e1f6874f28b33b57a7a42bb49f,0ca31f8c354b4ab78899ad6dfbd632fa
638081034.0,1.0,0.0,0.0,1.0,13:25:34,17:25:34,60.0,60.0,d9f1aced3d1b4379b43a7aed2488134d,f5118fa189b742a897beec2f77de9b27
1633442688.0,1.0,0.0,0.0,1.0,13:25:58,17:25:58,60.0,60.0,e318c5d80f6e46d98e904579e76bafe7,9f1a09c368584eba9e7f10a53d55caae
1618492630.0,1.0,0.0,0.0,1.0,13:28:39,17:28:39,60.0,60.0,9829a9e1f6874f28b33b57a7a42bb49f,f5118fa189b742a897beec2f77de9b27
1102011610.0,1.0,0.0,0.0,1.0,13:29:16,17:29:16,60.0,60.0,5e2e9efa5ade4984bb18af66028bc0c8,d9f1aced3d1b4379b43a7aed2488134d
915281274.0,1.0,0.0,0.0,1.0,13:30:07,17:30:07,60.0,60.0,852c1621c9c44d029b33d71c1274caeb,9829a9e1f6874f28b33b57a7a42bb49f
1030591550.0,1.0,0.0,0.0,1.0,13:30:28,17:30:28,60.0,60.0,00e5630fbb3c4ff4b753ac1e1c15d561,852c1621c9c44d029b33d71c1274caeb
1447552257.0,1.0,0.0,0.0,1.0,13:31:20,17:31:20,60.0,60.0,2445d4bd004c457d95957d6ecf77f759,5e2e9efa5ade4984bb18af66028bc0c8
753171124.0,1.0,0.0,0.0,1.0,13:32:28,17:32:28,60.0,60.0,9b40bfd6ca1c432498685540652a5a8b,8479328003a8427ca68b7600f0ac7045
1014081488.0,1.0,0.0,0.0,1.0,13:33:39,17:33:39,60.0,60.0,aa61dc034d9240e9950b027ba204f5f0,0ca31f8c354b4ab78899ad6dfbd632fa
614480940.0,1.0,0.0,0.0,1.0,13:33:55,17:33:55,60.0,60.0,5fda6fea62824ea1a9f8d94a2f2d997d,9b40bfd6ca1c432498685540652a5a8b
1554032514.0,1.0,0.0,0.0,1.0,13:35:51,17:35:51,60.0,60.0,c93a83d3e80d4aeeb037ff5255f4fd02,852c1621c9c44d029b33d71c1274caeb
1554082515.0,1.0,0.0,0.0,1.0,13:35:51,17:35:51,60.0,60.0,c93a83d3e80d4aeeb037ff5255f4fd02,852c1621c9c44d029b33d71c1274caeb
1312311949.0,1.0,0.0,0.0,1.0,13:38:32,17:38:32,60.0,60.0,f7d977891ba84a7491024709803f38cc,852c1621c9c44d029b33d71c1274caeb
540310799.0,1.0,0.0,0.0,1.0,13:39:09,17:39:09,60.0,60.0,9829a9e1f6874f28b33b57a7a42bb49f,852c1621c9c44d029b33d71c1274caeb
1031181551.0,1.0,0.0,0.0,1.0,13:40:02,17:40:02,60.0,60.0,852c1621c9c44d029b33d71c1274caeb,9829a9e1f6874f28b33b57a7a42bb49f
532120762.0,1.0,0.0,0.0,1.0,13:40:16,17:40:16,60.0,60.0,9b40bfd6ca1c432498685540652a5a8b,00e5630fbb3c4ff4b753ac1e1c15d561
600060873.0,1.0,0.0,0.0,1.0,13:40:43,17:40:43,60.0,60.0,d9f1aced3d1b4379b43a7aed2488134d,7b84670cf4164cccba22ebb17a2c290a
1345472015.0,1.0,0.0,0.0,1.0,13:40:59,17:40:59,60.0,60.0,8479328003a8427ca68b7600f0ac7045,66b7f2fbd6a042c1bbd1b567d68daa56
1411432085.0,1.0,0.0,0.0,1.0,13:41:53,17:41:53,60.0,60.0,852c1621c9c44d029b33d71c1274caeb,e318c5d80f6e46d98e904579e76bafe7
1102171611.0,1.0,0.0,0.0,1.0,13:42:23,17:42:23,60.0,60.0,d9f1aced3d1b4379b43a7aed2488134d,e318c5d80f6e46d98e904579e76bafe7
1149101824.0,1.0,0.0,0.0,1.0,13:45:20,17:45:20,60.0,60.0,7d511f7ba322430687691bf9cfcc96b4,9829a9e1f6874f28b33b57a7a42bb49f
1440342212.0,1.0,0.0,0.0,1.0,13:45:34,17:45:34,60.0,60.0,7b84670cf4164cccba22ebb17a2c290a,8854c92271174c4bbd3ee95fbdd973c7
1233381910.0,1.0,0.0,0.0,1.0,13:46:46,17:46:46,60.0,60.0,ef7a2e12c20043a9aba7fecf660b2616,5c8900293133480d893ceee1ac8fd352
1633442689.0,1.0,0.0,0.0,1.0,13:48:07,17:48:07,60.0,60.0,00e5630fbb3c4ff4b753ac1e1c15d561,e318c5d80f6e46d98e904579e76bafe7
455550673.0,1.0,0.0,0.0,1.0,13:52:03,17:52:03,60.0,60.0,9b40bfd6ca1c432498685540652a5a8b,00e5630fbb3c4ff4b753ac1e1c15d561
520290716.0,1.0,0.0,0.0,1.0,13:54:46,17:54:46,60.0,60.0,0c589202a6584664939d46842080d019,9829a9e1f6874f28b33b57a7a42bb49f
520290717.0,1.0,0.0,0.0,1.0,13:55:30,17:55:30,60.0,60.0,0c589202a6584664939d46842080d019,e318c5d80f6e46d98e904579e76bafe7
815411195.0,1.0,0.0,0.0,1.0,13:58:57,17:58:57,60.0,60.0,0ca31f8c354b4ab78899ad6dfbd632fa,9829a9e1f6874f28b33b57a7a42bb49f
1031231552.0,1.0,0.0,0.0,1.0,14:00:12,18:00:12,60.0,60.0,9829a9e1f6874f28b33b57a7a42bb49f,00e5630fbb3c4ff4b753ac1e1c15d561
1032281553.0,1.0,0.0,0.0,1.0,14:00:12,18:00:12,60.0,60.0,9829a9e1f6874f28b33b57a7a42bb49f,00e5630fbb3c4ff4b753ac1e1c15d561
949401393.0,1.0,0.0,0.0,1.0,14:04:15,18:04:15,60.0,60.0,9829a9e1f6874f28b33b57a7a42bb49f,0ca31f8c354b4ab78899ad6dfbd632fa
1129011731.0,1.0,0.0,0.0,1.0,14:05:40,18:05:40,60.0,60.0,d9f1aced3d1b4379b43a7aed2488134d,852c1621c9c44d029b33d71c1274caeb
615040941.0,1.0,0.0,0.0,1.0,14:12:37,18:12:37,60.0,60.0,9b40bfd6ca1c432498685540652a5a8b,4a85fbdd319140dd83f55766289d365f
615090942.0,1.0,0.0,0.0,1.0,14:16:23,18:16:23,60.0,60.0,4a85fbdd319140dd83f55766289d365f,00e5630fbb3c4ff4b753ac1e1c15d561
1035131554.0,1.0,0.0,0.0,1.0,14:16:38,18:16:38,60.0,60.0,00e5630fbb3c4ff4b753ac1e1c15d561,e318c5d80f6e46d98e904579e76bafe7
1633442690.0,1.0,0.0,0.0,1.0,14:18:00,18:18:00,60.0,60.0,4a85fbdd319140dd83f55766289d365f,e318c5d80f6e46d98e904579e76bafe7
532280763.0,1.0,0.0,0.0,1.0,14:18:58,18:18:58,60.0,60.0,00e5630fbb3c4ff4b753ac1e1c15d561,9b40bfd6ca1c432498685540652a5a8b
1345592016.0,1.0,0.0,0.0,1.0,14:19:52,18:19:52,60.0,60.0,9829a9e1f6874f28b33b57a7a42bb49f,e318c5d80f6e46d98e904579e76bafe7
915311275.0,1.0,0.0,0.0,1.0,14:22:44,18:22:44,60.0,60.0,9829a9e1f6874f28b33b57a7a42bb49f,852c1621c9c44d029b33d71c1274caeb
915541276.0,1.0,0.0,0.0,1.0,14:22:44,18:22:44,60.0,60.0,9829a9e1f6874f28b33b57a7a42bb49f,852c1621c9c44d029b33d71c1274caeb
1149501825.0,1.0,0.0,0.0,1.0,14:25:18,18:25:18,60.0,60.0,9829a9e1f6874f28b33b57a7a42bb49f,e318c5d80f6e46d98e904579e76bafe7
1113251668.0,1.0,0.0,0.0,1.0,14:25:27,18:25:27,60.0,60.0,9829a9e1f6874f28b33b57a7a42bb49f,852c1621c9c44d029b33d71c1274caeb
615210943.0,1.0,0.0,0.0,1.0,14:26:42,18:26:42,60.0,60.0,00e5630fbb3c4ff4b753ac1e1c15d561,9b40bfd6ca1c432498685540652a5a8b
1441002216.0,1.0,0.0,0.0,1.0,14:27:06,18:27:06,60.0,60.0,f5264a9b32c94706a8bc981ab961952a,e2327ef4f46a40908e2b8ad97e855333
1113341669.0,1.0,0.0,0.0,1.0,14:30:57,18:30:57,60.0,60.0,9829a9e1f6874f28b33b57a7a42bb49f,e318c5d80f6e46d98e904579e76bafe7
816111196.0,1.0,0.0,0.0,1.0,14:32:40,18:32:40,60.0,60.0,9829a9e1f6874f28b33b57a7a42bb49f,e318c5d80f6e46d98e904579e76bafe7
540390800.0,1.0,0.0,0.0,1.0,14:33:09,18:33:09,60.0,60.0,9829a9e1f6874f28b33b57a7a42bb49f,e318c5d80f6e46d98e904579e76bafe7
1411512086.0,1.0,0.0,0.0,1.0,14:34:18,18:34:18,60.0,60.0,9829a9e1f6874f28b33b57a7a42bb49f,e318c5d80f6e46d98e904579e76bafe7
1312341950.0,1.0,0.0,0.0,1.0,14:35:23,18:35:23,60.0,60.0,9829a9e1f6874f28b33b57a7a42bb49f,e318c5d80f6e46d98e904579e76bafe7
1618522631.0,1.0,0.0,0.0,1.0,14:38:41,18:38:41,60.0,60.0,0c589202a6584664939d46842080d019,9829a9e1f6874f28b33b57a7a42bb49f
1450492274.0,1.0,0.0,0.0,1.0,14:40:38,18:40:38,60.0,60.0,e318c5d80f6e46d98e904579e76bafe7,00e5630fbb3c4ff4b753ac1e1c15d561
1149521826.0,1.0,0.0,0.0,1.0,14:42:16,18:42:16,60.0,60.0,e318c5d80f6e46d98e904579e76bafe7,4e6e1dec486340a0b4fbc7e1eeed99ab
616080944.0,1.0,0.0,0.0,1.0,14:44:35,18:44:35,60.0,60.0,9b40bfd6ca1c432498685540652a5a8b,00e5630fbb3c4ff4b753ac1e1c15d561
1102411612.0,1.0,0.0,0.0,1.0,14:47:14,18:47:14,60.0,60.0,9829a9e1f6874f28b33b57a7a42bb49f,e318c5d80f6e46d98e904579e76bafe7
1441002217.0,1.0,0.0,0.0,1.0,14:53:35,18:53:35,60.0,60.0,9829a9e1f6874f28b33b57a7a42bb49f,e318c5d80f6e46d98e904579e76bafe7
1149531827.0,1.0,0.0,0.0,1.0,14:54:17,18:54:17,60.0,60.0,e318c5d80f6e46d98e904579e76bafe7,00e5630fbb3c4ff4b753ac1e1c15d561
1129061732.0,1.0,0.0,0.0,1.0,14:59:28,18:59:28,60.0,60.0,852c1621c9c44d029b33d71c1274caeb,e318c5d80f6e46d98e904579e76bafe7
1619052632.0,1.0,0.0,0.0,1.0,15:00:27,19:00:27,60.0,60.0,9829a9e1f6874f28b33b57a7a42bb49f,852c1621c9c44d029b33d71c1274caeb
1239531911.0,1.0,0.0,0.0,1.0,15:05:48,19:05:48,60.0,60.0,5c8900293133480d893ceee1ac8fd352,ef7a2e12c20043a9aba7fecf660b2616
532280764.0,1.0,0.0,0.0,1.0,15:10:44,19:10:44,60.0,60.0,9b40bfd6ca1c432498685540652a5a8b,00e5630fbb3c4ff4b753ac1e1c15d561
1240231912.0,1.0,0.0,0.0,1.0,16:50:50,20:50:50,60.0,60.0,ef7a2e12c20043a9aba7fecf660b2616,5e2e9efa5ade4984bb18af66028bc0c8
1451192275.0,1.0,0.0,0.0,1.0,17:24:40,21:24:40,60.0,60.0,00e5630fbb3c4ff4b753ac1e1c15d561,e318c5d80f6e46d98e904579e76bafe7
1240231913.0,1.0,0.0,0.0,1.0,17:44:38,21:44:38,60.0,60.0,5e2e9efa5ade4984bb18af66028bc0c8,ef7a2e12c20043a9aba7fecf660b2616
1451192276.0,1.0,0.0,0.0,1.0,18:04:26,22:04:26,60.0,60.0,e318c5d80f6e46d98e904579e76bafe7,00e5630fbb3c4ff4b753ac1e1c15d561
1620282633.0,1.0,0.0,0.0,1.0,18:20:53,22:20:53,60.0,60.0,4a85fbdd319140dd83f55766289d365f,5e2e9efa5ade4984bb18af66028bc0c8
1451202277.0,1.0,0.0,0.0,1.0,18:28:12,22:28:12,60.0,60.0,00e5630fbb3c4ff4b753ac1e1c15d561,e318c5d80f6e46d98e904579e76bafe7
1451292278.0,1.0,0.0,0.0,1.0,18:46:54,22:46:54,60.0,60.0,e318c5d80f6e46d98e904579e76bafe7,00e5630fbb3c4ff4b753ac1e1c15d561
1620302634.0,1.0,0.0,0.0,1.0,18:56:15,22:56:15,60.0,60.0,081dc54492414061ae6c6e47bf7b8db5,4a85fbdd319140dd83f55766289d365f
1452062279.0,1.0,0.0,0.0,1.0,19:27:21,23:27:21,60.0,60.0,e318c5d80f6e46d98e904579e76bafe7,00e5630fbb3c4ff4b753ac1e1c15d561
1452112280.0,1.0,0.0,0.0,1.0,19:57:14,23:57:14,60.0,60.0,e318c5d80f6e46d98e904579e76bafe7,00e5630fbb3c4ff4b753ac1e1c15d561
937441347.0,1.0,0.0,0.0,1.0,21:32:35,01:32:35,60.0,60.0,e318c5d80f6e46d98e904579e76bafe7,00e5630fbb3c4ff4b753ac1e1c15d561
937441348.0,1.0,0.0,0.0,1.0,23:01:04,03:01:04,60.0,60.0,e318c5d80f6e46d98e904579e76bafe7,00e5630fbb3c4ff4b753ac1e1c15d561
937561349.0,1.0,0.0,0.0,1.0,23:21:00,03:21:00,60.0,60.0,00e5630fbb3c4ff4b753ac1e1c15d561,e318c5d80f6e46d98e904579e76bafe7
